nc  =   4;
nsg =   7;
nmg =   4;

nu = [
  0  0  0  0  6  0  0
  1  1  0  0  0  1  0
  0  0  0  0  0  0  1
  5  1  1  1  0  0  0
];

R = [
 0.9011
 0.6744
 0.4469
 0.2195
 0.5313
 1.0000
 0.9200
];

Q = [
 0.8480
 0.5400
 0.2280
 0.0000
 0.4000
 1.2000
 1.4000
];

M = [
  1  0  0  0
  1  0  0  0
  1  0  0  0
  1  0  0  0
  0  1  0  0
  0  0  1  0
  0  0  0  1
];

A = [
      0.0000     61.1300    986.5000   1318.0000
    -11.1200      0.0000    636.1000    903.8000
    156.4000     89.6000      0.0000    353.5000
    300.0000    362.3000   -229.1000      0.0000
];

B = [
      0.0000      0.0000      0.0000      0.0000
      0.0000      0.0000      0.0000      0.0000
      0.0000      0.0000      0.0000      0.0000
      0.0000      0.0000      0.0000      0.0000
];

C = [
      0.0000      0.0000      0.0000      0.0000
      0.0000      0.0000      0.0000      0.0000
      0.0000      0.0000      0.0000      0.0000
      0.0000      0.0000      0.0000      0.0000
];
